3	4	14	14	17	12	10	18	9	6	18	17	12	12	7	20	7	5	6	9	14	11	19	12	11	9	5	15	7	9	2	3	8	4	9	25	24	13	9	11	4	17	5	9	15	19	6	14	18	20	15	16	22	5	3	4	15	11	18	15	13	11	5	9	14	12	11	23	18	15	18	13	4	11	12	13	13	10	14	19	11	12	8	8	13	16	22	12	9	13	14	4	3	6	20	14	7	14	12	4	14	15	9	7	10	1	20	14	22	9	14	7	13	1	13	13	13	6	6	4	5	5	10	8	7	14	8	14	18	19	8	5	12	10	22	14	5	24	14	12	15	10	14	14	13	11	14	6	14	11	
7	10	5	6	20	17	18	17	1	13	20	20	7	13	11	22	14	5	12	17	15	3	20	11	18	3	13	14	16	17	10	11	15	10	6	25	23	5	10	9	9	17	5	17	14	19	15	6	15	21	6	14	21	12	11	8	6	15	15	6	5	14	9	17	5	4	2	23	17	17	16	5	6	13	6	15	5	4	6	20	3	5	16	14	5	17	21	8	6	6	6	6	11	13	21	6	11	20	4	12	5	6	6	12	7	9	18	6	20	7	6	15	5	9	15	14	7	8	13	12	13	13	4	14	3	6	5	6	18	20	14	13	3	4	21	6	13	25	5	19	6	18	6	6	5	3	6	4	6	4	
10	9	15	15	8	8	15	6	13	17	8	8	9	2	6	10	17	9	8	14	4	12	8	3	11	9	11	4	14	16	10	14	11	15	7	14	13	14	3	4	15	5	13	14	4	8	13	12	8	9	15	6	11	11	13	8	15	6	8	15	14	3	7	14	15	12	14	12	7	5	7	13	9	2	9	4	12	9	12	8	12	11	15	8	13	6	11	7	7	12	15	11	13	9	9	15	6	11	12	11	15	15	7	6	6	12	9	15	11	6	15	12	14	11	3	2	11	6	11	12	11	11	10	8	11	15	8	15	7	9	8	11	13	9	11	15	11	13	15	12	15	17	15	13	14	12	15	13	15	10	
12	15	3	3	21	20	23	15	6	19	20	21	5	14	14	21	20	10	16	21	16	4	19	10	21	6	18	13	21	22	15	17	19	16	8	24	21	3	11	9	15	16	11	21	13	18	19	1	13	21	3	12	19	17	17	12	4	17	13	3	3	15	13	21	4	3	6	21	15	17	14	2	10	14	4	16	2	5	1	19	4	3	21	17	2	18	19	6	8	1	4	11	16	17	20	4	14	22	3	16	4	3	8	15	8	14	15	4	17	8	4	19	3	14	15	14	3	12	18	17	18	18	5	17	8	4	7	3	18	20	17	18	4	5	19	4	18	23	3	22	3	23	4	1	3	4	4	10	4	4	
11	12	9	9	15	15	20	10	9	19	14	15	3	9	11	15	19	9	13	19	11	8	13	5	17	6	15	7	18	20	13	16	16	16	5	18	15	8	7	4	15	10	12	19	7	12	17	6	7	15	9	6	14	15	16	10	9	12	7	9	8	10	10	19	9	7	9	15	10	12	8	7	9	9	4	11	6	5	6	13	7	6	19	13	7	12	14	2	5	6	9	11	15	13	14	9	10	18	6	14	9	9	5	11	4	13	10	9	12	4	9	16	8	13	9	9	4	9	15	16	15	15	6	13	8	9	6	9	12	14	13	15	8	5	13	9	15	18	9	18	9	21	9	7	8	7	9	12	9	5	
17	15	23	23	4	10	18	7	21	23	1	4	17	8	12	2	23	17	13	17	6	21	4	11	13	18	16	8	18	20	17	20	15	22	15	7	9	22	12	12	22	5	21	17	8	5	18	20	11	2	23	10	7	16	20	16	23	9	10	23	22	8	14	17	23	20	22	7	7	4	9	21	17	8	17	6	20	17	20	3	20	19	20	12	21	4	7	15	15	20	23	19	20	14	3	23	12	9	20	17	23	23	15	12	14	19	9	23	9	14	23	16	22	19	6	7	18	14	16	18	16	16	18	12	19	23	17	23	4	2	12	16	22	17	9	23	16	7	23	13	23	20	23	21	22	20	23	21	23	18	
12	10	18	18	5	7	15	6	17	18	5	5	12	3	8	7	19	12	9	14	1	16	6	6	10	13	12	5	15	17	12	16	11	17	10	11	11	17	7	8	17	4	16	14	5	6	14	15	9	6	19	7	10	12	15	11	19	5	8	19	17	3	9	14	18	16	17	10	6	2	8	16	12	3	13	1	16	13	16	6	15	15	16	8	16	2	10	10	10	15	19	14	15	10	6	19	7	8	15	12	18	19	10	7	10	14	9	19	10	10	19	12	17	14	2	3	14	9	12	14	12	12	13	8	14	19	12	19	5	6	8	12	17	13	10	19	12	11	18	11	19	17	19	17	17	15	19	16	19	13	
6	3	17	18	13	7	6	16	14	8	15	13	14	10	4	17	9	8	3	5	11	15	17	12	6	12	2	14	5	7	4	6	3	8	10	22	22	17	9	12	9	14	10	5	14	17	4	17	18	16	18	15	20	2	5	5	18	7	17	18	17	8	5	5	17	16	15	21	16	12	17	16	8	9	14	10	16	13	16	16	15	15	6	4	16	12	20	13	11	16	18	8	6	2	17	18	5	9	15	3	17	18	10	5	11	5	18	18	20	11	18	2	17	6	11	10	16	6	2	3	2	2	13	4	11	18	10	18	16	16	4	2	15	13	21	18	2	21	18	7	18	7	18	17	17	14	18	11	18	13	
20	17	26	26	5	10	18	11	25	24	5	5	20	11	15	5	24	20	15	18	9	24	8	14	13	21	18	12	19	21	19	22	16	24	18	8	11	26	15	16	24	9	24	18	12	9	19	23	15	5	27	14	11	18	21	18	27	11	14	27	26	10	16	18	26	24	25	10	11	7	13	24	20	11	21	9	24	21	23	7	24	23	20	13	24	7	11	18	18	23	27	21	22	15	6	27	14	9	23	18	26	27	18	14	18	20	13	27	13	18	27	17	26	21	10	11	22	16	17	19	18	17	21	13	22	27	20	27	8	6	13	17	25	21	12	27	18	8	26	13	27	20	27	25	26	23	27	24	27	21	
14	11	24	25	8	4	8	15	21	16	11	8	19	11	10	13	16	15	9	8	10	21	14	15	4	18	10	15	10	11	12	14	7	17	16	18	19	23	13	15	17	13	18	8	15	15	10	22	19	13	25	17	18	10	14	13	25	7	18	25	23	9	11	8	24	22	22	18	15	10	17	22	15	10	19	10	22	19	22	14	21	21	11	7	23	10	18	18	16	22	24	16	14	8	13	24	10	2	21	11	24	25	16	9	16	14	18	24	19	16	24	8	23	14	11	11	21	12	9	11	10	10	19	7	18	25	17	24	14	13	7	10	22	18	19	25	10	17	24	3	25	11	25	23	23	21	25	19	24	19	
6	14	7	15	15	6	13	15	14	15	13	15	15	15	15	13	15	8	6	12	15	12	15	9	1	11	6	15	6	6	15	15	14	12	15	15	15	15	15	15	15	15	6	14	6	9	9	15	11	15	10	8	15	15	15	10	15	14	15	15	15	15	15	14	15	15	14	15	15	11	14	10	15	11	7	13	15	6	15	15	15	3	15	12	6	5	15	12	6	14	5	11	12	15	11	11	6	15	15	10	14	10	13	15	8	15	10	15	15	11	15	11	13	15	15	15	6	15	14	15	15	15	15	15	12	11	10	5	6	6	9	9	6	6	10	15	15	15	12	15	11	13	15	15	15	15	15	15	15	15	7	15	15	15	15	15	15	15	15	8	9	12	15	6	8	15	6	6	3	7	14	15	15	15	8	7	11	15	8	8	13	13	12	8	15	14	11	13	10	11	5	15	14	13	15	14	11	12	15	14	6	1	15	15	7	15	6	12	10	15	13	9	11	15	5	15	13	14	9	15	15	11	12	9	9	9	9	15	15	13	
12	15	3	3	21	20	23	15	6	19	20	21	5	14	14	21	20	10	16	21	16	4	19	10	21	6	18	13	21	22	15	17	19	16	8	24	21	3	11	9	15	16	11	21	13	18	19	1	13	21	3	12	19	17	17	12	4	17	13	3	3	15	13	21	4	3	6	21	15	17	14	2	10	14	4	16	2	5	1	19	4	3	21	17	2	18	19	6	8	1	4	11	16	17	20	4	14	22	3	16	4	3	8	15	8	14	15	4	17	8	4	19	3	14	15	14	3	12	18	17	18	18	5	17	8	4	7	3	18	20	17	18	4	5	19	4	18	23	3	22	3	23	4	1	3	4	4	10	4	4	4	17	14	4	16	1	1	4	6	17	14	1	4	4	4	3	23	11	22	4	4	4	17	20	17	4	5	4	24	3	3	3	4	1	3	10	3	3	3	4	16	3	3	4	1	3	3	11	1	4	18	2	3	3	3	21	4	1	19	3	4	12	14	3	4	4	4	3	4	19	17	15	3	18	22	3	4	18	4	3	3	13	3	3	4	3	3	3	8	3	4	3	3	14	1	3	4	2	13	4	2	20	18	4	20	3	15	8	24	16	14	3	4	13	3	3	11	2	3	4	18	3	3	3	5	3	23	14	4	3	3	18	3	1	3	20	4	14	5	17	3	3	13	3	15	3	23	23	23	3	23	23	23	23	20	23	20	3	10	8	3	3	8	20	18	20	21	18	4	4	3	4	9	1	4	5	3	3	23	3	2	4	16	8	4	5	25	23	23	3	3	14	3	3	3	19	3	3	8	8	3	8	8	8	8	1	8	4	17	17	13	17	3	3	16	4	8	3	8	3	3	8	1	3	3	22	1	3	3	3	3	16	3	16	18	18	4	18	3	4	13	18	8	3	16	8	3	4	5	8	4	4	4	4	4	4	3	4	8	20	8	5	20	3	18	4	3	13	4	4	4	5	3	3	3	3	3	3	3	3	3	3	3	3	3	23	19	4	22	19	15	1	4	9	4	3	3	10	4	7	17	13	4	21	8	3	11	23	19	3	3	20	17	4	3	21	11	5	2	3	20	4	14	3	3	24	3	16	1	4	3	3	8	4	3	3	3	3	3	4	24	3	23	8	8	8	5	5	8	8	22	3	3	4	2	3	3	14	3	4	4	4	4	4	4	4	16	4	4	4	4	24	3	4	3	13	5	3	4	11	13	3	8	8	11	14	3	4	3	4	20	19	18	3	9	5	1	4	21	5	3	3	14	17	4	23	12	3	3	2	4	3	18	17	3	5	8	14	3	3	8	3	8	4	16	3	1	5	18	3	12	3	2	3	5	3	4	19	5	5	4	4	5	3	3	2	
11	12	9	9	15	15	20	10	9	19	14	15	3	9	11	15	19	9	13	19	11	8	13	5	17	6	15	7	18	20	13	16	16	16	5	18	15	8	7	4	15	10	12	19	7	12	17	6	7	15	9	6	14	15	16	10	9	12	7	9	8	10	10	19	9	7	9	15	10	12	8	7	9	9	4	11	6	5	6	13	7	6	19	13	7	12	14	2	5	6	9	11	15	13	14	9	10	18	6	14	9	9	5	11	4	13	10	9	12	4	9	16	8	13	9	9	4	9	15	16	15	15	6	13	8	9	6	9	12	14	13	15	8	5	13	9	15	18	9	18	9	21	9	7	8	7	9	12	9	5	9	14	14	9	11	6	7	9	2	16	10	6	9	9	9	9	17	6	17	9	9	9	15	16	16	9	8	9	19	9	8	5	9	7	8	12	9	8	9	9	16	9	9	9	6	9	9	10	6	9	15	6	9	9	9	18	9	6	16	8	9	13	12	9	9	9	9	9	9	14	15	9	9	13	18	9	9	12	9	9	6	8	8	9	9	9	9	9	5	9	3	9	9	8	7	9	9	6	9	9	6	20	15	8	15	9	10	9	18	10	8	6	9	12	9	9	5	7	9	9	15	9	9	9	2	8	18	8	9	9	9	16	6	7	9	14	9	9	2	16	9	9	7	9	11	9	20	20	20	9	20	20	20	20	15	20	15	9	6	5	9	9	5	17	17	14	18	16	9	9	9	4	3	7	9	9	9	9	18	8	7	9	15	8	9	2	19	18	18	8	8	14	9	9	8	13	8	8	5	5	9	5	5	5	5	7	5	9	12	17	12	17	8	9	15	7	5	8	5	9	9	5	6	9	8	19	6	9	9	9	9	15	8	11	12	16	9	16	9	4	8	15	5	9	12	5	9	9	9	10	9	9	9	9	9	9	9	9	5	18	5	2	14	9	16	9	4	11	9	9	9	6	9	8	9	9	9	9	9	8	9	9	8	9	9	18	17	5	20	13	9	6	9	6	9	9	9	5	9	9	13	7	9	15	5	8	5	18	16	9	6	14	12	9	9	16	12	5	7	9	15	9	13	9	9	18	9	14	6	9	9	9	5	9	8	9	9	9	9	9	19	5	17	5	5	5	2	2	5	5	17	9	9	9	6	9	4	14	9	9	9	9	9	9	9	9	13	9	9	9	9	18	9	9	9	10	2	7	9	9	8	9	5	5	5	9	8	9	9	9	15	14	15	9	8	2	6	8	18	2	9	8	13	16	5	18	6	9	8	7	9	8	15	16	9	9	5	8	9	9	5	9	5	7	14	9	6	5	16	9	6	9	7	8	2	9	9	14	8	2	3	5	2	9	9	7	
17	15	23	23	4	10	18	7	21	23	1	4	17	8	12	2	23	17	13	17	6	21	4	11	13	18	16	8	18	20	17	20	15	22	15	7	9	22	12	12	22	5	21	17	8	5	18	20	11	2	23	10	7	16	20	16	23	9	10	23	22	8	14	17	23	20	22	7	7	4	9	21	17	8	17	6	20	17	20	3	20	19	20	12	21	4	7	15	15	20	23	19	20	14	3	23	12	9	20	17	23	23	15	12	14	19	9	23	9	14	23	16	22	19	6	7	18	14	16	18	16	16	18	12	19	23	17	23	4	2	12	16	22	17	9	23	16	7	23	13	23	20	23	21	22	20	23	21	23	18	23	14	21	23	7	21	21	23	16	19	12	20	23	23	23	23	3	10	7	23	23	23	18	14	19	23	21	23	5	23	22	19	23	21	22	22	23	22	23	23	20	23	23	23	20	23	23	18	20	23	16	20	23	23	23	18	23	20	16	21	23	21	17	23	23	23	23	23	23	9	18	6	23	7	10	23	23	6	23	23	19	8	22	23	23	23	23	23	15	23	17	23	23	8	21	23	23	20	10	23	20	24	16	22	4	23	9	19	6	6	7	19	23	18	23	23	11	21	23	23	16	23	23	23	16	22	5	10	23	23	23	17	20	21	23	2	23	9	16	20	23	23	9	23	9	23	17	17	17	23	17	17	17	17	1	17	10	23	12	15	23	23	14	16	20	4	18	16	23	23	23	17	13	21	23	22	23	23	7	22	20	23	20	19	23	16	10	6	6	22	22	21	23	23	22	3	22	22	14	14	23	14	14	14	14	21	15	23	5	23	19	23	22	23	20	20	14	22	15	23	23	14	20	23	22	19	20	23	23	23	23	20	22	7	3	17	23	17	23	17	8	16	14	23	11	14	23	23	22	21	23	23	23	23	23	23	23	23	14	18	14	16	3	23	16	23	18	15	23	23	23	18	23	22	23	23	23	23	23	22	23	23	22	23	23	5	20	18	19	8	8	20	23	15	23	23	23	11	23	21	9	9	23	6	14	22	11	5	16	23	19	7	9	23	23	9	22	18	21	23	10	23	17	23	23	6	23	17	21	23	23	23	14	23	22	23	23	23	23	23	5	19	5	14	14	14	16	16	14	14	10	23	23	23	20	23	18	21	23	23	23	23	23	23	23	23	12	23	23	23	23	9	23	23	23	15	16	20	23	14	11	23	14	14	10	8	22	23	23	23	7	5	16	23	16	16	20	21	15	16	23	22	18	19	18	5	10	23	22	21	23	22	16	18	23	22	14	8	23	23	15	23	14	20	16	23	21	17	17	23	10	23	21	22	16	23	23	8	20	16	17	18	16	23	23	21	
12	10	18	18	5	7	15	6	17	18	5	5	12	3	8	7	19	12	9	14	1	16	6	6	10	13	12	5	15	17	12	16	11	17	10	11	11	17	7	8	17	4	16	14	5	6	14	15	9	6	19	7	10	12	15	11	19	5	8	19	17	3	9	14	18	16	17	10	6	2	8	16	12	3	13	1	16	13	16	6	15	15	16	8	16	2	10	10	10	15	19	14	15	10	6	19	7	8	15	12	18	19	10	7	10	14	9	19	10	10	19	12	17	14	2	3	14	9	12	14	12	12	13	8	14	19	12	19	5	6	8	12	17	13	10	19	12	11	18	11	19	17	19	17	17	15	19	16	19	13	19	10	16	19	3	16	17	19	12	15	7	15	19	19	19	18	7	6	7	19	19	19	14	10	14	19	16	19	8	18	17	14	19	17	17	17	19	17	18	19	15	18	19	19	16	19	19	13	16	18	12	15	18	18	18	15	19	16	12	17	19	16	12	19	19	19	19	18	19	6	13	2	18	3	9	19	18	7	19	18	15	4	17	19	18	19	19	19	10	19	12	18	19	3	16	19	18	15	5	19	15	20	12	17	4	19	9	14	11	1	4	15	19	13	19	19	7	16	19	19	12	18	18	18	12	17	7	9	18	19	18	12	15	17	19	6	18	9	12	16	18	19	6	19	5	18	14	14	14	18	14	14	14	14	5	14	7	18	7	10	19	19	10	13	16	7	14	12	18	18	19	13	10	17	18	17	18	18	11	17	16	18	15	14	19	12	14	8	8	17	17	16	19	19	18	6	17	17	10	9	19	9	9	9	10	17	10	18	6	18	14	18	17	18	15	15	10	17	10	18	18	10	16	18	17	15	16	18	18	18	18	15	18	8	3	13	19	12	19	13	3	12	10	19	7	9	18	19	18	16	19	19	19	19	18	18	19	18	10	14	10	12	6	18	12	19	13	10	18	19	19	13	18	17	19	19	19	19	18	17	19	18	17	18	18	7	15	14	16	10	7	16	19	10	18	18	18	7	18	16	5	6	18	10	10	17	7	7	12	19	15	10	5	18	18	8	17	13	16	19	7	19	12	19	18	8	18	12	16	19	18	18	10	18	18	19	19	18	18	19	9	15	7	9	10	10	12	12	10	10	8	19	18	18	15	19	14	16	19	19	19	19	19	19	19	19	8	19	19	19	19	13	19	19	18	10	12	16	19	9	9	18	10	10	6	7	17	19	19	19	6	4	12	18	11	11	16	16	12	11	18	17	13	14	13	7	7	19	17	16	19	17	12	14	19	17	10	3	19	18	10	19	10	16	12	19	16	13	12	18	7	19	16	17	12	19	19	10	15	12	13	13	12	19	18	16	
6	3	17	18	13	7	6	16	14	8	15	13	14	10	4	17	9	8	3	5	11	15	17	12	6	12	2	14	5	7	4	6	3	8	10	22	22	17	9	12	9	14	10	5	14	17	4	17	18	16	18	15	20	2	5	5	18	7	17	18	17	8	5	5	17	16	15	21	16	12	17	16	8	9	14	10	16	13	16	16	15	15	6	4	16	12	20	13	11	16	18	8	6	2	17	18	5	9	15	3	17	18	10	5	11	5	18	18	20	11	18	2	17	6	11	10	16	6	2	3	2	2	13	4	11	18	10	18	16	16	4	2	15	13	21	18	2	21	18	7	18	7	18	17	17	14	18	11	18	13	18	2	8	18	9	17	17	18	15	5	5	16	18	18	18	18	16	13	11	18	18	18	3	4	4	18	14	18	15	18	17	15	18	17	17	11	18	17	18	18	6	18	18	18	17	18	18	8	17	17	2	16	18	18	18	5	18	17	2	16	18	9	4	18	18	18	18	18	18	7	3	12	18	9	9	18	17	17	18	18	15	10	17	18	17	18	18	18	10	18	15	18	18	10	17	18	17	16	8	18	16	10	2	16	12	18	18	10	21	10	14	15	18	6	18	18	15	16	18	18	2	17	18	18	15	17	13	18	17	18	18	2	15	17	18	16	17	18	15	6	17	18	14	18	7	18	6	6	6	17	6	6	6	6	14	6	7	17	9	10	18	18	10	3	6	18	4	2	17	17	18	14	16	17	18	15	18	18	21	17	16	17	6	11	18	15	24	13	13	17	17	8	18	18	18	16	17	17	10	10	18	10	10	10	10	17	10	17	16	9	6	9	17	18	6	14	10	17	11	17	18	10	17	18	17	5	17	18	18	18	18	6	18	18	14	3	18	2	18	14	10	2	10	18	5	10	18	18	16	12	18	18	18	18	17	17	18	17	10	4	10	15	17	18	2	18	15	5	17	18	18	13	18	17	18	18	18	18	18	17	18	18	17	18	18	14	5	13	6	20	17	17	18	9	17	18	18	11	17	12	7	14	17	20	10	17	15	13	2	18	15	20	6	17	18	8	11	13	16	18	7	18	4	18	18	14	18	3	17	18	18	18	10	17	18	18	18	18	18	18	16	15	13	10	10	10	15	15	10	10	9	18	18	17	16	18	17	8	18	18	18	18	18	18	18	18	4	18	18	18	18	23	18	18	18	5	15	16	18	7	18	18	10	10	11	17	17	18	18	18	10	11	2	18	9	14	17	15	5	14	18	17	6	4	13	13	14	18	17	16	18	17	2	3	18	16	10	10	18	18	10	18	10	15	2	18	17	13	2	18	14	18	16	17	15	18	18	20	14	15	15	13	15	18	18	16	
20	17	26	26	5	10	18	11	25	24	5	5	20	11	15	5	24	20	15	18	9	24	8	14	13	21	18	12	19	21	19	22	16	24	18	8	11	26	15	16	24	9	24	18	12	9	19	23	15	5	27	14	11	18	21	18	27	11	14	27	26	10	16	18	26	24	25	10	11	7	13	24	20	11	21	9	24	21	23	7	24	23	20	13	24	7	11	18	18	23	27	21	22	15	6	27	14	9	23	18	26	27	18	14	18	20	13	27	13	18	27	17	26	21	10	11	22	16	17	19	18	17	21	13	22	27	20	27	8	6	13	17	25	21	12	27	18	8	26	13	27	20	27	25	26	23	27	24	27	21	27	15	23	27	10	24	25	27	19	21	14	23	27	27	27	26	2	14	6	27	27	27	19	14	20	27	24	27	2	26	26	22	27	25	26	24	27	26	26	27	21	26	27	27	24	27	27	21	24	26	18	23	26	26	26	19	27	24	17	25	27	23	19	27	27	27	27	27	27	10	19	10	26	8	9	27	26	10	27	26	23	12	26	27	27	27	27	27	18	27	20	26	27	11	24	27	26	23	13	27	23	25	17	25	5	27	13	22	7	9	11	23	27	20	27	27	14	24	27	27	18	26	26	26	20	26	4	14	26	27	26	18	23	25	27	6	26	13	20	22	26	27	13	27	12	26	17	17	17	26	17	17	17	17	4	17	10	26	15	18	27	27	18	17	22	7	18	17	26	27	27	21	17	25	27	25	26	26	8	26	24	26	22	22	27	20	11	4	4	26	26	23	27	27	26	7	25	26	18	17	27	17	17	17	18	25	18	27	9	25	21	25	26	26	22	24	18	26	18	26	26	18	24	26	26	19	24	26	26	26	26	22	26	11	7	19	27	18	27	21	12	18	18	27	13	17	26	27	26	24	27	27	27	27	26	26	27	26	18	19	18	20	6	26	18	27	21	18	26	27	27	21	26	26	27	27	27	27	26	26	27	26	26	26	26	4	21	22	20	11	12	24	27	18	26	26	26	15	27	24	10	13	26	9	18	26	14	4	17	27	23	10	11	26	26	9	24	21	24	27	10	27	19	27	26	4	26	18	24	27	26	26	18	26	26	27	27	26	26	27	1	23	4	17	18	18	20	20	18	18	9	27	26	26	23	27	22	23	27	27	27	27	27	27	27	27	14	27	27	27	27	10	27	27	26	17	20	24	27	17	15	27	18	18	14	12	26	27	27	27	7	6	18	26	19	19	24	24	15	19	26	26	20	20	22	4	14	27	26	24	27	26	17	19	27	25	18	11	27	26	18	27	18	24	18	27	24	21	18	26	14	27	24	26	20	27	27	11	23	20	21	21	20	27	26	24	
14	11	24	25	8	4	8	15	21	16	11	8	19	11	10	13	16	15	9	8	10	21	14	15	4	18	10	15	10	11	12	14	7	17	16	18	19	23	13	15	17	13	18	8	15	15	10	22	19	13	25	17	18	10	14	13	25	7	18	25	23	9	11	8	24	22	22	18	15	10	17	22	15	10	19	10	22	19	22	14	21	21	11	7	23	10	18	18	16	22	24	16	14	8	13	24	10	2	21	11	24	25	16	9	16	14	18	24	19	16	24	8	23	14	11	11	21	12	9	11	10	10	19	7	18	25	17	24	14	13	7	10	22	18	19	25	10	17	24	3	25	11	25	23	23	21	25	19	24	19	25	8	17	24	8	23	23	24	20	13	9	22	24	25	25	24	11	15	5	24	24	24	11	6	12	25	21	24	9	25	23	21	24	23	23	19	25	23	25	24	14	24	25	24	23	25	25	15	23	24	10	22	24	24	24	10	24	23	9	22	24	17	12	24	24	24	25	24	24	5	11	11	24	7	2	25	24	16	25	25	21	12	23	25	24	25	25	25	16	25	20	24	25	11	23	25	24	22	11	25	22	17	10	23	8	25	18	18	16	10	14	21	25	14	25	25	17	23	25	25	10	24	24	24	20	23	7	19	24	25	24	10	21	23	25	13	24	18	20	14	24	25	15	25	8	25	7	7	7	24	7	7	7	7	10	7	4	24	13	16	25	25	15	8	13	14	9	9	24	24	25	19	19	23	24	22	24	24	17	23	22	24	14	18	25	20	20	7	7	23	23	16	25	25	24	14	23	23	15	15	25	15	15	15	15	23	16	24	14	17	15	17	23	24	14	21	15	23	16	24	24	15	23	24	23	10	23	24	24	24	24	14	24	17	11	11	25	10	25	19	11	10	15	25	8	15	24	25	23	19	25	24	25	24	24	24	25	24	15	10	15	20	13	24	9	25	20	12	24	24	24	19	24	23	25	25	25	25	24	23	25	24	23	24	24	7	12	20	10	18	16	23	25	15	24	24	24	14	24	20	6	15	24	17	15	23	17	7	9	25	21	18	7	24	24	3	19	19	22	25	4	24	12	25	24	7	24	11	23	25	24	24	15	24	24	25	25	25	24	25	10	21	7	15	15	15	20	20	15	15	2	25	24	24	22	25	22	16	25	25	25	25	25	25	25	24	8	25	25	25	25	19	25	25	25	12	20	22	25	13	19	24	15	15	14	17	23	25	25	25	5	7	10	24	16	19	23	22	6	19	24	23	14	12	19	7	16	25	23	22	25	23	9	11	25	22	15	11	25	25	16	25	15	21	10	25	23	19	10	25	16	25	22	23	20	25	24	18	21	20	20	19	20	25	25	23	
