6-30£¬ 20
[5.971158612756211e-05, 5.663398368752556e-05, 4.216430222239671e-05, 2.9069371566039342e-05, 2.3472629041563014e-05, 2.0181525500518634e-05, 1.9776430079964814e-05, 1.8369329675212937e-05, 2.6559199514238312e-05]

6-30£¬ 40
[5.645490391958609e-05, 5.748418698078754e-05, 3.830102374334873e-05, 2.5943131779301632e-05, 1.979866262717846e-05, 1.6381722976843463e-05, 1.4060773193499429e-05, 1.4944840708603544e-05, 2.2315962077325804e-05]

6-30£¬ 60
[5.796713841013154e-05, 6.11505891719834e-05, 3.74304540553503e-05, 2.4828493631247105e-05, 1.9990989123041038e-05, 1.608560581653636e-05, 1.3203663680434522e-05, 1.3395517070840696e-05, 2.0057436422911476e-05]

6-30£¬ 80
[5.566361804262765e-05, 5.941664976626037e-05, 3.497855739403614e-05, 2.4386533164603226e-05, 1.9337787563845094e-05, 1.620227954560315e-05, 1.3625787493634968e-05, 1.4013675875701947e-05, 1.4573965141653259e-05]

6-30£¬ 100
[5.624053914883658e-05, 6.511035929829762e-05, 3.59791404292659e-05, 2.466300437986108e-05, 1.8900972206879213e-05, 1.553532526156495e-05, 1.3347680351594763e-05, 1.192509111128753e-05, 1.2993350452706525e-05]

20£¬ 10-100
[2.6150881315830402e-05, 1.8635146831569893e-05, 2.0448540277293893e-05, 1.6906784505586785e-05, 1.4973924432762798e-05, 1.4428718296851177e-05, 1.3621266413342686e-05, 1.3479724405138174e-05, 1.3235732831033246e-05, 1.2918632790595753e-05]

30£¬ 50
[1.028714967950068, 1.0282934574182006, 1.0399519834987672, 1.0281366524504796, 1.0291889028972185, 1.0154958198097592, 1.0065229239379425, 1.0232370126450003, 1.023087954449519, 1.030035270990783, 10.233002795259898, 10.223859195822827, 10.282269404401923, 10.369338198725996, 10.233698258645154, 10.248717585194045, 10.224836848743228, 10.076345614517347, 10.36615785819633, 10.571598095900942, 106.14451166456072, 104.47392683528011, 106.41129605056062, 104.2935921225349, 103.5816435784323, 104.01885606919065, 107.71389691811889, 106.23120707940616, 103.38592463690246, 104.24909316089143]